Indicator|4 Sample Drop 0.1|4 Sample Drop 0.0|1 Sample Drop 0.1|1 Sample Drop 0.0
-|-|-|-|-|
是|-2.79828735898948|-2.0220749027096|-0.213851623349892|-0.212779603933551
成长型|0.0718076341572599|0.0397850849032057|-0.306892298046677|-0.165474230133382
混合型|-0.189255303714296|-0.0408477541341792|-0.501212575954301|-0.475687294214171
价值型|0.117447669557083|0.0010626692309811|0.808104874000976|0.641161524347557
小盘股|-0.508627367784811|-0.320520309887235|0.219185042753271|0.119688616947795
中盘股|-1.97598381383474|-1.56566538273583|-0.388046353508441|-0.302325868633108
大盘股|2.48461118161957|1.88618569262314|0.168861310755168|0.182637251685311
market_value_mean|0.2973901990956|0.252945606093706|0.98998694137632|0.411673434763462
market_value_std|3.65422547398602|2.12939133168992|0.575860236335145|0.156950851643065
fund_shareholding_mean|-0.11585026339379|-0.0992174879176917|-0.913215213870594|-0.560533099086354
fund_shareholding_std|0.0738007453946605|0.0596326386809867|0.650411878468783|0.394318456049602
fund_number_mean|-0.915138594149963|-0.537437292135064|1.04758313948845|0.537968755794811
fund_number_std|0.843985177672509|0.49947148035828|0.86651053323838|0.770542625328639
close_price_mean|-0.131672880958113|-0.0516187857251925|-0.307987433749335|-0.0380780319026526
close_price_std|0.342683431870966|0.216209438281513|0.398903854309644|0.187275102664412
avg_price_mean|0.0471804682266103|-0.0553340461897235|0.362648239677965|0.0122435787362939
avg_price_std|-0.395014282338132|-0.219273943968455|-0.566700679334488|-0.285260286780238
turnover_rate_mean|-0.0315609795344241|-0.0233528524703005|-0.0462879287921146|-0.0482714918279657
turnover_rate_std|0.0121302505107155|0.00966488698739267|0.029111384120158|0.0258685566578325
amplitutde_mean|-0.00257103244966816|-0.00145439987280764|-0.0875273388943059|-0.0545015197546773
amplitutde_std|-0.0131994561798665|-0.0130272847998439|0.00530812899029765|-0.000184898888985882
margin_diff_mean|-0.00688763424270738|-0.0039093852876413|-0.00757460757189666|-0.00584684682811022
margin_diff_std|0.00212849239628798|-0.00558112254143972|0.0121298823146524|-0.00341167811369905
share_ratio_of_funds_mean|-0.00563891348224758|0.00247443967716368|0.0370222224518471|0.00582781673355548
share_ratio_of_funds_std|0.0226416202933411|0.0123151324002008|-0.00764498974864496|0.0117943027812302
num_of_funds_mean|-0.0293556941338537|-0.00748816193824965|-0.152190612214423|-0.0317729158903231
num_of_funds_std|0.0348378884614054|0.00779559344514676|0.121986146533258|0.0301647878019265
fund_owner_affinity_mean|-0.0286878117354048|-0.0573986214221135|-0.106437074915203|-0.125954106121925
fund_owner_affinity_std|-0.0669050270093916|-0.056789472801097|-0.212187141833982|-0.177737215231028
cyclical_industry|0.0513585787277709|0.0258172302254879|0.112873877056484|0.0536993478297865